[color_fg]
red = 1.0
green = 0.9999899864196777
blue = 0.9999899864196777

[color_bg]
red = 0.0
green = 0.0
blue = 0.0

