[compute_shader]
directory = slime normal

[color_fg]
red = 1.0
green = 0.9999899864196777
blue = 0.9999899864196777

[color_bg]
red = 0.0
green = 0.0
blue = 0.0

[agent]
count = 1000000
movement_speed = 0.4359999895095825
rotation_speed = 0.38999998569488525
sensor_angle = 0.8349999785423279
sensor_distance = 5
sensor_size = 1

[agent_defaults]
count = 1000000
movement_speed = 50.0
rotation_speed = 50.0
sensor_angle = 0.83
sensor_distance = 10
sensor_size = 1

[blur]
diffusion_speed = 17.889999389648438
evaporation_speed = 2.316999912261963

[blur_defaults]
diffusion_speed = 10.0
evaporation_speed = 5.0

